       1   2   3   4   5   6          1   2   3   4   5   6 
     -------------------------------------------------------
  1|   0  -1  55   2  -1  27    |    -1  -1   1   1  -1   1 |1
  2|   2   0   1  -1  -1  -1    |     2  -1   2  -1  -1  -1 |2
  3|  -1  -1   0   2   2  -1    |    -1  -1  -1   3   3  -1 |3
  4|  -1  -1  -1   0   4  -1    |    -1  -1  -1  -1   4  -1 |4
  5|   4  -1   1  -1   0  -1    |     5  -1   5  -1  -1  -1 |5
  6|  -1  -1  -1  -1  -1   0    |    -1  -1  -1  -1  -1  -1 |6

       1   2   3   4   5   6          1   2   3   4   5   6 
     -------------------------------------------------------
  1|   0  -1  55   2  -1  27    |    -1  -1   1   1  -1   1 |1
  2|   2   0   1   4  -1  29    |     2  -1   2   1  -1   1 |2
  3|  -1  -1   0   2   2  -1    |    -1  -1  -1   3   3  -1 |3
  4|  -1  -1  -1   0   4  -1    |    -1  -1  -1  -1   4  -1 |4
  5|   4  -1   1   6   0  31    |     5  -1   5   1  -1   1 |5
  6|  -1  -1  -1  -1  -1   0    |    -1  -1  -1  -1  -1  -1 |6

       1   2   3   4   5   6          1   2   3   4   5   6 
     -------------------------------------------------------
  1|   0  -1  55   2  -1  27    |    -1  -1   1   1  -1   1 |1
  2|   2   0   1   4  -1  29    |     2  -1   2   1  -1   1 |2
  3|  -1  -1   0   2   2  -1    |    -1  -1  -1   3   3  -1 |3
  4|  -1  -1  -1   0   4  -1    |    -1  -1  -1  -1   4  -1 |4
  5|   4  -1   1   6   0  31    |     5  -1   5   1  -1   1 |5
  6|  -1  -1  -1  -1  -1   0    |    -1  -1  -1  -1  -1  -1 |6

       1   2   3   4   5   6          1   2   3   4   5   6 
     -------------------------------------------------------
  1|   0  -1  55   2  57  27    |    -1  -1   1   1   3   1 |1
  2|   2   0   1   3   3  29    |     2  -1   2   3   3   1 |2
  3|  -1  -1   0   2   2  -1    |    -1  -1  -1   3   3  -1 |3
  4|  -1  -1  -1   0   4  -1    |    -1  -1  -1  -1   4  -1 |4
  5|   4  -1   1   3   0  31    |     5  -1   5   3  -1   1 |5
  6|  -1  -1  -1  -1  -1   0    |    -1  -1  -1  -1  -1  -1 |6

       1   2   3   4   5   6          1   2   3   4   5   6 
     -------------------------------------------------------
  1|   0  -1  55   2   6  27    |    -1  -1   1   1   4   1 |1
  2|   2   0   1   3   3  29    |     2  -1   2   3   3   1 |2
  3|  -1  -1   0   2   2  -1    |    -1  -1  -1   3   3  -1 |3
  4|  -1  -1  -1   0   4  -1    |    -1  -1  -1  -1   4  -1 |4
  5|   4  -1   1   3   0  31    |     5  -1   5   3  -1   1 |5
  6|  -1  -1  -1  -1  -1   0    |    -1  -1  -1  -1  -1  -1 |6

       1   2   3   4   5   6          1   2   3   4   5   6 
     -------------------------------------------------------
  1|   0  -1   7   2   6  27    |    -1  -1   5   1   4   1 |1
  2|   2   0   1   3   3  29    |     2  -1   2   3   3   1 |2
  3|   6  -1   0   2   2  33    |     5  -1  -1   3   3   1 |3
  4|   8  -1   5   0   4  35    |     5  -1   5  -1   4   1 |4
  5|   4  -1   1   3   0  31    |     5  -1   5   3  -1   1 |5
  6|  -1  -1  -1  -1  -1   0    |    -1  -1  -1  -1  -1  -1 |6

       1   2   3   4   5   6          1   2   3   4   5   6 
     -------------------------------------------------------
  1|   0  -1   7   2   6  27    |    -1  -1   5   1   4   1 |1
  2|   2   0   1   3   3  29    |     2  -1   2   3   3   1 |2
  3|   6  -1   0   2   2  33    |     5  -1  -1   3   3   1 |3
  4|   8  -1   5   0   4  35    |     5  -1   5  -1   4   1 |4
  5|   4  -1   1   3   0  31    |     5  -1   5   3  -1   1 |5
  6|  -1  -1  -1  -1  -1   0    |    -1  -1  -1  -1  -1  -1 |6

from 1 to 3:
cost = 7
path = 1 -> 4 -> 5 -> 3
